lgbm_best_params:
  colsample_bytree: 0.7878169701860978
  learning_rate: 0.07543753502638627
  max_depth: 5
  min_child_samples: 22
  n_estimators: 306
  n_jobs: -1
  num_leaves: 42
  random_state: 42
  reg_alpha: 5.045065527723589e-07
  reg_lambda: 1.0039320517727244e-05
  scale_pos_weight: 11.78
  subsample: 0.8359541264922199
  verbose: -1
